filter_list = np.array([
    [ #G at R filter
        (0, 0, 0, 4),
        (-2, 0, 0, -1),
        (2, 0, 0, -1),
        (0, -2, 0, -1),
        (0, 2, 0, -1),
        (1, 0, 1, 2),
        (-1, 0, 1, 2),
        (0, 1, 1, 2),
        (0, -1, 1, 2),
    ],
    [#G at B filter
        (0, 0, 0, 4),
        (-2, 0, 0, -1),
        (2, 0, 0, -1),
        (0, -2, 0, -1),
        (0, 2, 0, -1),
        (1, 0, 2, 2),
        (-1, 0, 2, 2),
        (0, 1, 2, 2),
        (0, -1, 2, 2),
    ],
    [#R at G R row, B col
        (0, 0, 1, 5),
        (-1, -1, 1, -1),
        (1, -1, 1, -1),
        (1, 1, 1, -1),
        (-1, 1, 1, -1),
        (-2, 0, 1, 0.5),
        (2, 0, 1, 0.5),
        (0, 2, 1, -1),
        (0, -2, 1, -1),
        (0, 1, 0, 4),
        (0, -1, 0, 4),
    ],
    [#R at G R col, B row
        (0, 0, 1, 5),
        (-1, -1, 1, -1),
        (1, -1, 1, -1),
        (1, 1, 1, -1),
        (-1, 1, 1, -1),
        (-2, 0, 1, -1),
        (2, 0, 1, -1),
        (0, 2, 1, 0.5),
        (0, -2, 1, 0.5),
        (1, 0, 0, 4),
        (-1, 0, 0, 4),
    ],
    [#R at B col, B row
        (0, 0, 2, 6),
        (-1, -1, 0, 2),
        (1, -1, 0, 2),
        (1, 1, 0, 2),
        (-1, 1, 0, 2),
        (-2, 0, 2, -1.5),
        (2, 0, 2, -1.5),
        (0, 2, 2, -1.5),
        (0, -2, 2, -1.5),
    ],
    [  # B at G B row, R col
        (0, 0, 1, 5),
        (-1, -1, 1, -1),
        (1, -1, 1, -1),
        (1, 1, 1, -1),
        (-1, 1, 1, -1),
        (-2, 0, 1, 0.5),
        (2, 0, 1, 0.5),
        (0, 2, 1, -1),
        (0, -2, 1, -1),
        (0, 1, 2, 4),
        (0, -1, 2, 4),
    ],
    [  # B at G R col, B row
        (0, 0, 1, 5),
        (-1, -1, 1, -1),
        (1, -1, 1, -1),
        (1, 1, 1, -1),
        (-1, 1, 1, -1),
        (-2, 0, 1, -1),
        (2, 0, 1, -1),
        (0, 2, 1, 0.5),
        (0, -2, 1, 0.5),
        (1, 0, 2, 4),
        (-1, 0, 2, 4),
    ],
    [  # B at R col, R row
        (0, 0, 0, 6),
        (-1, -1, 2, 2),
        (1, -1, 2, 2),
        (1, 1, 2, 2),
        (-1, 1, 2, 2),
        (-2, 0, 0, -1.5),
        (2, 0, 0, -1.5),
        (0, 2, 0, -1.5),
        (0, -2, 0, -1.5),
    ],

])