[[-3.33277220e-03 -7.16416626e-03 -9.77181114e-03 -8.21083218e-03
   2.31277814e-01  9.95644371e-02  7.51742716e-02 -9.38193612e-01
  -2.24752602e-01]
 [ 7.44622953e-02 -2.30012984e-01  4.04328959e-02 -9.05369746e-02
   5.74816819e-01 -2.95140979e-01 -1.59645613e-01  2.55348642e-01
  -6.50772931e-01]
 [-8.03099543e-02  9.64373198e-01  6.57461673e-03 -2.63207909e-02
   1.94954037e-01 -9.08648439e-02  1.51931143e-02  5.97497658e-02
  -1.12846241e-01]
 [-2.15468073e-02  1.46880483e-02  9.61696668e-01 -3.28674486e-02
  -1.03609981e-02  1.39455809e-01 -2.28703306e-01 -2.33237426e-02
   3.12213779e-02]
 [-2.14224740e-01 -5.72161570e-02  1.69772609e-01  2.82087813e-01
  -4.44807903e-03 -8.47391925e-01  2.19906340e-01 -1.34134064e-01
   2.40819839e-01]
 [ 6.23795795e-01  7.01119219e-02  1.39439054e-01  4.35200887e-01
  -2.77365434e-01  1.98982813e-02  4.41854727e-01  4.49860946e-02
  -3.50047408e-01]
 [ 4.18791233e-01  5.95243625e-02 -1.50547941e-04 -7.11882413e-01
  -3.69846317e-01 -3.74216633e-01 -1.38851596e-01 -1.26547328e-01
  -4.66452832e-02]
 [-1.98112684e-01 -7.12649366e-02  1.58421154e-01 -4.62829504e-01
   1.76910897e-01  1.29026627e-01  8.08357849e-01  1.20133740e-01
   2.33323503e-02]
 [ 5.81276303e-01 -2.93734818e-04 -1.64725036e-03 -1.23239376e-03
   5.77015283e-01  1.09274260e-02 -3.08204328e-03  3.70783187e-03
   5.73606353e-01]]
[[ 0.05365186  0.0479212  -0.19162116 -0.27635929  0.25596988 -0.20224829
   0.39370927 -0.65720244  0.43403332]
 [ 0.29872814 -0.59061694 -0.14735372  0.13051854 -0.22167179 -0.17528428
   0.24019982 -0.28385981 -0.55231296]
 [ 0.15371836 -0.38576805  0.32868393 -0.36268748  0.61528673  0.08911791
   0.24471968  0.37424497 -0.03887879]
 [-0.42186184  0.24766208  0.31452112  0.05357721 -0.09166699 -0.59151537
   0.478368    0.16074857 -0.21431921]
 [-0.46739872  0.11521196 -0.62389719 -0.11692664  0.37517941  0.17122284
   0.03037001  0.02217273 -0.44028886]
 [ 0.27630559  0.08331047 -0.12440528  0.30729823  0.48031369 -0.6144867
  -0.44352454  0.02239074 -0.03598885]
 [ 0.04027389 -0.06097755 -0.18149963  0.74836234  0.17422839  0.21595447
   0.46016351  0.19492427  0.27374011]
 [-0.16175328  0.12572036  0.54336017  0.30425946  0.31060612  0.30884387
  -0.11290674 -0.52741132 -0.29571073]
 [-0.61943021 -0.63165132  0.04128899  0.10702182 -0.00824045 -0.14699178
  -0.27647541 -0.06676839  0.31873691]]
[[-3.64311100e-03  3.87195942e-02  4.99434704e-02  4.16166585e-02
   1.58511758e-01  1.76099530e-01 -2.54909484e-01 -9.22653778e-01
  -1.47835598e-01]
 [-2.60237479e-01 -1.15682274e-01  9.52811582e-02 -1.02824363e-01
  -4.87781268e-01  9.17537786e-02 -2.85116690e-01 -1.10659480e-01
   7.47901296e-01]
 [ 9.53174271e-02  1.39364491e-01 -3.65566487e-01  1.29216819e-02
  -2.66164553e-01  1.54097494e-01  7.97304314e-01 -2.78106777e-01
   1.73375733e-01]
 [-2.26246907e-01 -9.14246180e-01 -1.71939140e-01  9.32150300e-02
   2.17041752e-01  3.98695196e-02  1.55816782e-01 -4.14510586e-02
   4.51539332e-03]
 [-6.17420746e-01  3.34829799e-01 -3.32273348e-01  3.35615537e-01
   4.06221854e-01 -2.64159932e-01 -4.30360946e-03 -1.20218754e-03
   2.20953910e-01]
 [ 1.42157063e-01 -5.60806198e-02  4.40913940e-01  8.47382964e-01
  -1.77125508e-01 -1.20167573e-01  1.23845999e-01 -3.51931821e-02
   4.23469122e-02]
 [-4.92338213e-02  9.13609286e-02 -1.79052024e-01  2.81822326e-01
   6.58554029e-02  8.89729818e-01 -1.57067955e-01  2.36777840e-01
  -3.24898270e-02]
 [-3.67616909e-01  7.89722911e-02  6.98820996e-01 -2.62109316e-01
   2.89439293e-01  2.43477372e-01  3.92083760e-01  7.62851257e-03
   6.87379299e-02]
 [-5.77067533e-01  3.22374957e-03 -2.03329071e-03  4.28943349e-03
  -5.78352045e-01 -1.06530783e-02 -4.68229509e-04 -6.40085618e-03
  -5.76467146e-01]]
